5837
28825
23299
21297
20647
11540
6791
17885
28736
3035
4525
9281
26018
8903
16020
27577
1
26653
27979
26762
31682
1040
21207
12910
2912
31285
18591
24720
15170
1945
3736
10524
8873
7426
2627
25296
32131
24078
31941
30522
6400
31820
7693
100
14800
7509
14407
18161
146
68
1126
23800
23309
24870
16325
16597
438
32716
14214
26807
828
32014
10371
14021
16271
640
22079
18637
4589
4412
11233
25184
8514
7803
10338
29727
16748
16401
18644
24250
13520
22981
16084
21783
31473
2826
26710
32409
9095
12733
31475
5779
10454
32361
9126
30762
4218
28830
11431
4786
27784
25973
2521
18022
26031
21522
6512
5797
10951
11984
1610
843
23249
31672
1385
13547
12379
17677
3932
8813
25447
8878
21500
27184
10149
29702
17604
19632
26329
14874
7771
6936
621
26161
15652
17093
14278
23484
7234
24626
29922
9167
8523
19799
5565
22698
6605
27082
3646
15501
